       0
       0
       0
       0
       0
       0
       0
       0
      -1
      -1
       0
       3
       4
       0
      -3
       0
       0
      -6
      -5
       8
      13
      -2
     -11
       1
       6
     -14
     -18
      18
      36
      -1
     -28
       3
      15
     -41
     -53
      54
     113
       1
     -93
      -5
      44
    -120
    -160
     174
     383
      15
    -345
     -74
      90
    -556
    -532
    1710
    3418
    -701
  -10370
  -17164
  -13580
   -1922
    9857
   18265
   24593
   27121
   20882
    6463
   -8310
  -18482
  -26835
  -33933
  -30570
   -9325
   19471
   33783
   24126
    4522
   -4182
    3244
   14498
   16240
    7355
   -3085
   -6840
   -4159
   -1372
   -1409
    1516
   14244
   31372
   35337
   15305
  -16337
  -33267
  -23079
   -1205
    6731
   -6199
  -21701
  -18501
    3525
   24115
   24679
    5409
  -18691
  -32901
  -31099
  -14532
    9680
   28441
   28947
   10689
  -11678
  -22424
  -20727
  -18663
  -24429
  -32881
  -33799
  -24868
  -13773
  -10134
  -17405
  -29738
  -34423
  -21178
    5959
   27825
   27141
    7186
  -11375
  -13716
   -5636
   -1828
   -4803
   -3011
   11028
   28544
   34204
   23604
    6448
   -5679
   -9854
   -9917
   -8904
   -6866
   -4811
   -7056
  -17563
  -34215
  -47805
  -47860
  -31055
   -5331
   14371
   16843
    3976
  -10127
  -11431
     894
   14111
   15560
    5816
   -3060
   -1383
    8200
   14176
    7156
  -12490
  -34595
  -45353
  -37400
  -18021
   -5863
  -14520
  -37911
  -55078
  -51430
  -33109
  -18824
  -20331
  -33711
  -46783
  -49434
  -37134
  -12035
   14254
   23659
    6046
  -27733
  -52914
  -54240
  -38744
  -22666
  -11223
    1881
   18246
   28727
   26625
   17878
   11202
    4346
  -10171
  -28298
  -34816
  -23114
   -5296
    2917
     245
   -4066
   -6355
  -10951
  -18323
  -20971
  -13761
   -1135
    9466
   15582
   17010
   10737
   -4498
  -20633
  -24074
   -8606
   18440
   42827
   53252
   45877
   25239
    3536
   -5479
    2318
   16016
   18853
    4507
  -16332
  -25916
  -15741
    5998
   21609
   19136
    2689
  -11676
  -11731
   -1014
    6446
    2844
   -5611
   -9174
   -8261
  -10970
  -18270
  -19228
   -5072
   16294
   26011
   14668
   -7245
  -20990
  -19051
  -10720
   -9721
  -19255
  -30135
  -31882
  -23440
  -12654
   -6916
   -6193
   -5169
    -480
    5322
    6447
    -256
  -11682
  -19987
  -18130
   -5233
   12748
   27461
   33472
   30250
   20701
    8618
   -3494
  -15314
  -26960
  -35383
  -33916
  -18458
    5280
   23614
   26649
   17362
    6770
     521
   -6799
  -22878
  -45350
  -60628
  -55224
  -27739
    9342
   38301
   47508
   37356
   17614
    -583
  -11126
  -13189
   -7860
    3151
   15815
   23821
   23099
   16507
   12397
   16996
   27579
   33692
   26741
    9784
   -2980
    1039
   19128
   33390
   26327
   -2633
  -35203
  -48209
  -31552
    3256
   30467
   29685
    3139
  -25938
  -34859
  -22027
   -4415
    4140
    7360
   17555
   36670
   51219
   45673
   17664
  -19778
  -47557
  -51800
  -30995
    3124
   31960
   41225
   29189
    5613
  -16399
  -27918
  -26718
  -16266
   -3502
    4371
    3660
   -3621
  -11000
  -11862
   -4556
    5574
   10314
    6513
    -156
    -518
    9411
   26152
   43538
   56342
   59280
   47161
   19937
  -13163
  -37185
  -40687
  -23474
    2101
   18254
   15194
      53
  -10756
  -10015
   -5962
   -6854
   -5954
    9320
   36312
   56242
   56352
   43876
   34094
   32972
   37536
   45485
   54914
   59081
   52275
   40143
   34107
   34132
   26876
    5188
  -19262
  -29841
  -25373
  -18133
  -14739
   -9012
    5111
   22347
   32572
   33569
   31460
   29878
   23849
    6296
  -21017
  -44845
  -50178
  -34191
  -10390
    3268
    1122
   -7095
   -9984
   -7186
   -5653
   -7622
   -8837
   -7748
   -8884
  -14172
  -17077
  -10987
     271
    6913
    6915
    8249
   15947
   23117
   18877
    1961
  -17159
  -25569
  -16973
    4701
   26023
   31128
   14823
  -10580
  -26361
  -26313
  -20120
  -17461
  -15505
   -6192
    9658
   22205
   24121
   15883
     661
  -18591
  -34939
  -37260
  -20549
    5169
   21499
   18899
    5339
   -3490
   -1636
    1075
   -9022
  -32516
  -53659
  -54849
  -33706
   -5445
   10295
    4392
  -17154
  -39805
  -51430
  -49717
  -40975
  -32100
  -24348
  -15388
   -5336
    2084
    3913
     744
   -4874
  -10289
  -13048
  -12629
  -12859
  -19170
  -31245
  -40663
  -38300
  -22756
    -372
   20316
   31805
   28867
   12059
  -10012
  -26166
  -31503
  -28469
  -19720
   -4622
   15511
   33329
   40868
   37463
   28909
   19893
   10871
    2250
   -2248
    1485
   13022
   26661
   34941
   32851
   20492
    3193
  -11447
  -17945
  -15388
   -6792
    2601
    7041
    3343
   -5376
  -10119
   -3357
   12225
   23488
   18153
   -2096
  -21174
  -23724
  -11017
     426
   -3035
  -17962
  -29643
  -28959
  -18912
   -5972
    7919
   21522
   28104
   20413
    1911
  -12775
  -12114
    -323
    7394
    1934
  -10400
  -17371
  -17091
  -19779
  -31284
  -39742
  -25899
   12291
   51447
   63162
   39890
   -1502
  -36608
  -48900
  -34698
   -4881
   17308
   12072
  -15451
  -35572
  -24029
   11134
   39254
   40737
   23002
    4470
   -6255
  -11262
  -12852
  -11317
  -10139
  -15122
  -26930
  -38847
  -43139
  -37216
  -23573
   -6578
   10136
   25121
   37763
   43616
   33579
    3825
  -32798
  -52964
  -46583
  -30480
  -30723
  -51350
  -67952
  -55627
  -17983
   17008
   27498
   18078
    9444
   13590
   23644
   26357
   19224
   12160
   13928
   20807
   20561
    5841
  -18543
  -40223
  -48099
  -37870
  -14210
   10259
   22278
   18315
    6360
   -4267
  -11358
  -15317
  -11966
    2173
   19431
   25432
   16222
    3309
   -1750
    -628
   -1394
   -5236
   -7243
   -5708
   -2362
    3923
   14737
   24009
   21196
    4632
  -14996
  -26263
  -25657
  -13631
    8848
   35195
   53005
   56391
   52813
   50204
   43050
   21242
  -10703
  -35051
  -41688
  -36571
  -27663
  -14312
    3838
   18219
   21330
   18639
   20110
   23708
   18352
    2436
  -11628
  -14102
   -9883
   -8610
   -9987
   -6460
    3105
   10754
   11068
    8708
   10642
   14984
   13465
    4974
     494
    9850
   26426
   31956
   17680
   -5530
  -21592
  -27570
  -30854
  -32776
  -26024
   -9406
    5427
    8115
    3347
    2540
    6099
    3588
   -8922
  -21373
  -23497
  -18891
  -18580
  -23980
  -24172
  -11343
    7043
   15475
    7134
  -10428
  -25021
  -30757
  -28599
  -20753
   -8831
    3776
   11982
   12956
    8493
    3299
    2575
   10315
   25762
   39967
   40144
   22141
   -2393
  -15214
   -8365
   10204
   26522
   31819
   23946
    4210
  -21858
  -43032
  -48172
  -35950
  -16585
   -2438
    1759
   -1063
   -7039
  -15045
  -24192
  -30848
  -30469
  -22506
  -12528
   -8347
  -12938
  -20858
  -22501
  -13163
    1810
   11260
    7794
   -6438
  -21783
  -27417
  -17426
    5070
   27772
   36185
   24942
    2390
  -18318
  -32062
  -42666
  -51959
  -54006
  -43624
  -26018
  -11783
   -3907
    3607
   13345
   17724
    9362
   -5941
  -13171
   -5144
    9103
   14703
    6868
   -5720
  -11695
   -8412
   -2355
    -464
   -3453
   -7781
  -11421
  -14922
  -17636
  -16659
  -10901
   -3656
     682
     436
   -4325
  -13338
  -23055
  -24391
   -9474
   17911
   42380
   49745
   38608
   19660
    6609
    7475
   19214
   28052
   20290
   -1482
  -15648
   -2095
   33837
   63418
   62360
   32543
   -4336
  -27784
  -29676
  -12911
   10493
   22103
    9791
  -17309
  -33502
  -22386
    5373
   24808
   23847
   12144
    5282
    7406
   10431
    4912
  -10451
  -26585
  -30341
  -17145
    1604
    8891
    1896
   -4623
    1025
    9963
    4549
  -15676
  -31211
  -27745
  -13255
   -3276
    2083
   14331
   32305
   35915
   11100
  -26911
  -45321
  -28224
    7314
   30447
   26157
    3721
  -18115
  -27574
  -23008
   -7694
   12872
   30261
   35694
   27178
   13132
    5764
    9513
   17343
   19041
   11091
   -3076
  -19237
  -33717
  -39304
  -27107
    2471
   33908
   47854
   39168
   20812
    9867
   12654
   22935
   30022
   27158
   16248
    7247
    9639
   21113
   27358
   17167
   -4230
  -21344
  -26047
  -22920
  -17686
   -9124
    3352
   11802
    8142
   -2788
   -7808
   -3197
     966
   -3292
  -10803
  -13925
  -16038
  -24106
  -32250
  -26082
   -5447
    9343
    1712
  -17912
  -22251
    1721
   39081
   63218
   59345
   32784
    2198
  -12597
   -3291
   19445
   32752
   21645
   -5795
  -25291
  -20086
    2295
   17506
    8903
  -15713
  -32999
  -29539
  -15424
  -10356
  -20041
  -32215
  -34765
  -29384
  -24032
  -19800
  -12819
   -4453
     241
    3214
   11821
   23496
   22812
    2654
  -18624
  -13880
   18659
   48603
   45290
    9653
  -30095
  -47851
  -38333
  -12977
   11405
   20036
    7519
  -15992
  -31247
  -28123
  -14997
   -6576
   -6260
   -5773
     826
   10456
   18779
   27186
   37760
   45598
   41776
   23675
    -749
  -19232
  -24328
  -17726
   -8490
   -6762
  -15368
  -25642
  -24186
   -7201
   12202
   14444
   -6398
  -33727
  -42420
  -23488
    5618
   17114
     467
  -26753
  -37007
  -21408
    2189
   10499
     679
   -9246
   -4234
   10312
   18214
   13993
    7068
    5501
    4248
   -5781
  -22430
  -33579
  -32798
  -26577
  -23441
  -21668
  -13467
    1078
   11165
    8284
   -2710
   -9572
   -7662
   -4529
   -9070
  -19557
  -24621
  -15044
    6784
   28557
   38332
   33726
   21967
   11359
    3377
   -6114
  -18808
  -29756
  -32329
  -25669
  -15588
   -8925
   -8389
  -12038
  -15826
  -16550
  -13712
   -9096
   -4261
     966
    6865
   11926
   14582
   16382
   20638
   26892
   29277
   22972
   11435
    4420
    7789
   16929
   21784
   17853
   10744
    9561
   16847
   25875
   27432
   18589
    5092
   -3841
   -2876
    6180
   17327
   26230
   32915
   38684
   42080
   40514
   35761
   33968
   37307
   38199
   26333
    1342
  -25341
  -41819
  -45413
  -40708
  -33170
  -27527
  -27481
  -31342
  -30267
  -16955
    3964
   19345
   21829
   16022
    9846
    5489
    1579
   -1090
    -820
     979
    1716
    1774
    2589
    2551
    -279
   -2690
     363
    6736
    7995
    2011
   -1495
    6423
   19415
   21029
    4634
  -17549
  -27559
  -20230
   -6286
     215
   -5570
  -17472
  -25067
  -21528
   -7600
    9950
   24005
   32034
   35675
   36579
   34794
   31468
   29940
   31044
   28980
   16591
   -4080
  -20888
  -24499
  -18897
  -14396
  -12708
   -6115
    7907
   19226
   17123
    4513
   -6315
   -9121
   -8065
   -8331
  -10166
  -12976
  -17636
  -21409
  -16911
   -1249
   17560
   28002
   26063
   14847
   -2772
  -24335
  -42075
  -44645
  -27762
    -201
   22609
   30009
   22789
   12280
   12024
   25370
   40088
   39320
   19362
   -6779
  -23867
  -27320
  -20598
   -7732
    5403
    8558
   -3774
  -21299
  -25979
  -14756
   -6110
  -16809
  -36599
  -35553
    1483
   53882
   83100
   69749
   30007
   -3323
  -12025
   -4109
    1232
   -5244
  -17714
  -26461
  -28204
  -24610
  -16009
   -1831
   13792
   22363
   19350
    9039
   -1600
  -11160
  -21902
  -31108
  -30038
  -14078
    9173
   25120
   24816
   11240
   -5025
  -13984
  -12024
   -3929
    -135
   -8466
  -25498
  -37041
  -30094
   -5729
   20431
   31129
   21186
    -293
  -18954
  -25499
  -19633
   -7971
     898
    2385
     -66
    2272
   14323
   31048
   41817
   40120
   27644
   11241
    -356
     721
   14598
   28044
   23728
    1250
  -16271
   -5024
   31321
   64015
   70515
   55755
   39661
   32026
   27445
   20610
   15730
   17827
   21844
   17052
     934
  -16452
  -23228
  -17520
   -6222
    5414
   18142
   32022
   40364
   35040
   16618
   -5066
  -20727
  -28340
  -29711
  -25511
  -17038
   -9245
   -6650
   -6368
     371
   17579
   37005
   43545
   29651
    5044
   -9395
    -621
   22756
   38221
   32318
   13257
    -439
     720
   12401
   25502
   32547
   27659
   10036
   -9822
  -15170
    -193
   21201
   28467
   14977
   -7012
  -19720
  -15510
   -1778
    6227
   -1008
  -17266
  -24826
  -11691
   15536
   37747
   41032
   26230
    3795
  -15115
  -22384
  -14474
    4717
   24293
   33654
   30009
   17749
    2278
  -12536
  -22087
  -21770
  -13178
   -6266
  -10173
  -22002
  -29417
  -25758
  -17999
  -16548
  -21304
  -23395
  -18611
  -12173
   -9377
   -8206
   -4698
    -722
   -1274
   -6279
   -9784
   -6969
    1001
    8607
   10340
    4719
   -3887
   -9233
  -11487
  -18413
  -33504
  -45748
  -39338
  -14972
    6169
    4538
  -16509
  -36546
  -41114
  -32282
  -18526
   -3275
   12873
   24756
   24260
    9018
  -14386
  -36529
  -52054
  -60049
  -60468
  -52742
  -37370
  -16907
    5133
   25440
   40856
   48339
   45893
   33337
   12062
  -14880
  -41409
  -58089
  -56028
  -34078
   -3152
   18943
   21244
   10567
    6444
   21045
   43851
   50383
   28558
   -6234
  -25312
  -15022
   11120
   26987
   17494
  -10916
  -38056
  -45504
  -27705
    6528
   40296
   57827
   52366
   29973
    6584
   -2720
    4116
   14490
   13978
    1071
  -12371
  -14738
   -6020
    4521
    8316
    2733
  -10961
  -30032
  -48987
  -58550
  -50196
  -24371
    6091
   23418
   18635
   -1131
  -19521
  -25211
  -18879
   -7140
    6729
   22810
   36736
   37504
   17656
  -15240
  -41732
  -47240
  -33883
  -14973
   -1570
    2308
   -4658
  -21906
  -41657
  -49998
  -39522
  -18659
   -3502
   -1530
   -7929
  -16353
  -25808
  -34657
  -35104
  -20463
    4552
   27213
   40256
   46413
   49058
   45399
   33297
   19841
   16386
   25989
   40753
   50753
   50008
   34576
    3926
  -30984
  -48310
  -33858
     911
   26337
   22432
   -3942
  -29911
  -39590
  -33870
  -22133
  -10584
     -84
    7890
    7468
   -6315
  -28339
  -43413
  -39691
  -21434
   -4474
     982
   -1685
   -5596
  -11701
  -24395
  -39357
  -43489
  -28685
   -1337
   23937
   37626
   41157
   41888
   44196
   44441
   33832
    7797
  -26308
  -52356
  -58105
  -44647
  -23236
   -4621
    7176
   12945
   14259
   12510
    9752
    8249
    8582
    8421
    4072
   -4988
  -12496
   -8982
    7541
   25341
   28235
   13165
   -5009
   -9511
     400
   11984
   17517
   22829
   34433
   44393
   36053
    5334
  -30073
  -47017
  -39738
  -22197
   -9464
   -3655
    -670
   -2922
  -15303
  -29735
  -26004
    4205
   40333
   50192
   24334
  -13760
  -32566
  -21430
    5727
   26971
   28102
    9388
  -14775
  -25069
  -13601
    8196
   22175
   23025
   20078
   20857
   21200
   14764
    4784
    -608
    -925
   -3140
   -9511
  -13454
  -10306
   -5608
   -6857
  -10871
   -7261
    5150
   12974
    4368
  -13446
  -19718
   -4068
   20425
   31742
   23975
   12863
   15371
   28186
   31283
   12472
  -16472
  -31217
  -19826
    7340
   30824
   39484
   34001
   20128
    5007
   -2343
    4937
   23303
   37976
   34589
   12428
  -14606
  -30042
  -28190
  -16982
   -8185
   -4486
    2463
   18866
   35280
   32407
    3948
  -30494
  -41999
  -22334
    7408
   19939
    9612
   -5810
   -7947
    2951
   11865
    7630
   -5435
  -13084
   -5573
   13662
   31680
   37141
   29059
   16760
   11929
   19199
   32355
   39106
   30982
   10303
  -12048
  -26080
  -30073
  -28632
  -24853
  -16894
   -3244
   10730
   14478
    1421
  -24114
  -48813
  -58599
  -46890
  -18714
   11642
   29935
   32435
   27356
   24816
   26498
   26694
   21415
   12889
    5690
    2748
    6057
   16857
   31960
   42573
   40576
   25609
    4354
  -15445
  -27905
  -28395
  -15159
    7172
   28778
   41482
   43740
   38759
   29335
   15345
   -4274
  -26708
  -42095
  -38427
  -14548
   12359
   19160
     804
  -22113
  -24890
   -5490
   15501
   19752
    8553
   -5426
  -14765
  -19370
  -17841
   -6833
   10543
   23845
   26442
   22353
   18010
   11914
   -1317
  -18648
  -27784
  -20802
   -4045
    8818
   11043
    6898
    2903
   -1127
  -10832
  -28388
  -46256
  -50704
  -32902
    2008
   36721
   54063
   49504
   32867
   18103
   11375
    8776
    4271
   -2541
   -7656
   -9297
   -9796
  -11066
  -11943
  -11393
  -10857
  -10789
   -7848
     873
   12845
   23181
   30709
   36068
   35558
   24345
    7301
   -1090
    6802
   19750
   18583
   -1921
  -26616
  -35239
  -21127
    3878
   19462
   13157
   -8183
  -22762
  -14472
    9242
   24163
   15879
   -4480
  -14143
   -4275
   13520
   23771
   22896
   16731
    9008
   -1357
  -13283
  -20638
  -19318
  -13414
   -9670
   -6806
    3982
   24937
   42089
   36126
    4611
  -30678
  -42788
  -26096
   -1711
    4312
  -13020
  -34357
  -37885
  -22086
   -4859
   -1511
   -8401
  -10969
   -3644
    5079
    6947
    5268
    7489
   12231
   11074
    1217
  -11146
  -20642
  -28829
  -37712
  -43375
  -41418
  -34961
  -31006
  -30326
  -27011
  -18290
   -9004
   -4311
   -2807
    -205
    4150
    8677
   14361
   22519
   28897
   26181
   13577
   -1280
  -11772
  -18074
  -20489
  -13942
    3099
   17983
   13110
  -11562
  -33537
  -31019
   -6696
   16796
   21764
   10182
   -4106
  -10602
   -8328
   -2474
     968
   -1549
  -10835
  -26835
  -48811
  -71644
  -83973
  -75639
  -49452
  -22370
  -11385
  -18499
  -31248
  -37006
  -34496
  -31436
  -33721
  -39175
  -41491
  -37789
  -30201
  -20997
   -9833
    2313
    9640
    6564
   -3798
  -10624
   -7270
     257
    -340
  -13317
  -29130
  -33845
  -23601
   -8804
   -3088
   -8399
  -13775
  -10801
   -6314
  -12933
  -27140
  -26185
    6084
   54899
   84843
   74770
   36401
   -1803
  -21662
  -23699
  -17235
  -10631
   -8896
  -12742
  -17682
  -18295
  -15647
  -17781
  -30516
  -48833
  -59397
  -52503
  -31740
  -11255
   -1724
    1155
   10967
   31385
   47149
   40692
   16290
   -1241
    4274
   19508
   17249
  -10231
  -41609
  -50839
  -34172
  -10106
    1956
   -2153
  -13527
  -21756
  -22503
  -17051
   -7732
    5049
   20749
   34021
   35311
   20439
     -85
   -6359
   11542
   40132
   52625
   34549
   -2177
  -31508
  -37516
  -25054
   -9301
     421
    5509
   11090
   18440
   24169
   24021
   16177
    2547
  -11171
  -17244
  -10831
    4236
   15596
   12309
   -2792
  -12977
   -3993
   19015
   34375
   25576
   -1901
  -26710
  -31927
  -17268
    5273
   22415
   26444
   17208
    1910
   -8006
   -3425
   15829
   38833
   48346
   32369
   -3528
  -35277
  -37241
   -4396
   42474
   74306
   75688
   51678
   19220
   -4865
  -12141
   -5691
    3883
    8282
    8072
    9394
   16555
   29438
   44408
   53636
   47007
   22006
   -8191
  -23473
  -16469
     964
   12614
   13736
    8925
    1048
   -9912
  -19945
  -21778
  -13874
   -2173
    9065
   21571
   34459
   37912
   23486
   -1271
  -16867
  -12947
     -42
    2996
  -10331
  -29281
  -38706
  -32766
  -17648
   -5339
   -4812
  -15165
  -25423
  -23196
   -5428
   19442
   39151
   45649
   36962
   16320
   -7640
  -23172
  -23178
  -11551
     938
    8070
   13425
   22837
   33882
   36640
   25765
    8501
   -2911
   -5727
   -8907
  -19604
  -32582
  -37766
  -34801
  -32671
  -34822
  -32899
  -19735
   -2697
    3062
   -7071
  -21752
  -26578
  -17243
     598
   18585
   29470
   28035
   14073
   -5007
  -17605
  -15935
   -1388
   16939
   28696
   29100
   21473
   13271
    8968
    7027
    3837
    -985
   -4137
   -2144
    6066
   18879
   31957
   38549
   32637
   14344
   -7377
  -18914
  -11580
   10195
   29790
   30277
    8835
  -19567
  -33962
  -24393
    1070
   24135
   30536
   19123
     339
  -13378
  -17389
  -16577
  -17576
  -19962
  -16497
   -2149
   18596
   33975
   33579
   15389
  -12360
  -34081
  -35022
  -12972
   16205
   29139
   15969
   -9363
  -22530
  -12275
   11622
   31989
   40631
   40336
   37034
   35340
   38224
   43961
   43385
   27105
   -1310
  -24091
  -26145
  -11483
    1285
    -585
  -11630
  -16949
   -9920
    1787
    7011
    4500
    2811
    7643
   13699
   12684
    6655
    6700
   16712
   25265
   19803
    5269
     184
   13127
   30279
   30721
   10111
  -15575
  -27381
  -19256
    2100
   26223
   44238
   49698
   40835
   23576
    8460
    1267
   -2046
   -8115
  -14683
  -11138
    7006
   28240
   35171
   23810
    7716
    1945
    7425
   13164
    9382
   -4692
  -21642
  -29480
  -18043
   10697
   38748
   45784
   29985
   11066
    9461
   25659
   42871
   46571
   36802
   23112
   13135
    7761
    4163
     765
    -598
    3113
   11417
   18378
   17152
    7130
   -4514
   -8778
   -1745
   13701
   30647
   41860
   43364
   37129
   29534
   24701
   19238
    6100
  -15279
  -34950
  -40730
  -29738
   -9932
    8885
   22813
   32431
   37460
   36529
   31426
   27423
   26835
   24229
   11897
   -8537
  -22510
  -14223
   16608
   50932
   65402
   52780
   28425
   16634
   29152
   54952
   70165
   58843
   25509
  -10939
  -33719
  -38446
  -31121
  -21397
  -17961
  -24295
  -34294
  -35143
  -20240
    1037
   11497
    5203
   -6016
   -7401
    1437
    8229
    4808
   -3338
   -5413
     960
    7909
    7673
     698
   -7728
  -15331
  -23277
  -29524
  -26910
  -11343
   10117
   23153
   18879
    1509
  -15779
  -20895
  -10322
    9323
   25951
   30603
   23400
   11244
    1032
   -3407
    -512
    7577
   13098
    8594
   -2535
   -6950
    2599
   16333
   18024
    3613
  -16569
  -31390
  -36750
  -30669
  -11031
   16475
   35436
   32372
   12171
   -6026
   -8981
   -1977
    -808
  -13801
  -32560
  -39526
  -25105
    1886
   21903
   23621
   13278
    4220
    1457
     994
     936
    5097
   14163
   20552
   17538
   10499
   13280
   32122
   55459
   61465
   37444
   -5635
  -37725
  -33401
    4187
   43173
   49942
   18090
  -28342
  -57586
  -54480
  -27019
    3230
   15435
    1175
  -30941
  -62039
  -77794
  -77425
  -67652
  -51090
  -25752
    4433
   25692
   26244
    9969
   -6339
   -9629
   -1477
    7899
   12833
   16616
   23992
   32700
   34778
   25834
   10421
   -3562
  -13672
  -22157
  -27173
  -21698
   -5671
    6254
   -1959
  -26054
  -40762
  -25023
   15712
   55161
   70375
   57430
   28899
    3931
    -435
   21512
   56305
   76036
   59316
   11750
  -36310
  -55634
  -42614
  -17889
   -2444
    1608
    5932
   16506
   25012
   20051
    2143
  -15788
  -21091
  -11962
    2926
   11555
    5643
  -14396
  -37876
  -49041
  -38700
  -12984
   11094
   20948
   18975
   16599
   19113
   19922
   10734
   -6529
  -21795
  -28855
  -30270
  -30078
  -27333
  -20341
  -13013
  -11108
  -13397
  -12499
   -5616
     729
    -516
   -7316
  -11436
   -8122
    1075
   12492
   21837
   23043
   13248
     902
    1774
   21416
   45746
   55155
   45744
   30505
   20923
   15331
    7474
    -670
    -685
   10227
   24017
   28572
   17507
   -5148
  -26752
  -33370
  -19245
    8769
   36078
   49278
   41433
   13944
  -21541
  -45426
  -42574
  -16587
   11641
   23519
   19622
   14749
   18752
   26833
   28669
   22006
   13529
    8261
    3224
   -5887
  -14811
  -13308
     378
   12784
    9243
   -6627
  -14928
   -3586
   16188
   24108
   15437
    3191
   -1939
   -3357
   -7601
  -11450
   -8144
   -1415
   -3370
  -17740
  -32744
  -33773
  -18611
    2832
   19542
   25661
   19227
    2092
  -17434
  -27268
  -21370
   -5660
    8330
   14288
   13302
    7759
   -1406
  -10566
  -12190
   -2700
   10390
   14183
    4340
   -9312
  -12419
    -330
   17223
   24121
   11132
  -15458
  -36847
  -35805
  -11010
   21950
   44542
   50139
   45306
   38877
   32597
   22480
    6728
  -10159
  -21465
  -25310
  -26341
  -30054
  -36414
  -40247
  -37299
  -27979
  -15021
    -221
   14388
   23901
   22814
   11146
   -3559
  -11863
   -9520
    1172
   14835
   25578
   27467
   16903
   -2894
  -21946
  -31207
  -29882
  -22866
  -12358
    3046
   19835
   26448
   14846
   -6628
  -18604
  -10786
    7421
   18544
   15534
    5263
   -3615
  -10859
  -21621
  -36744
  -49147
  -49915
  -37139
  -18474
   -4694
    -115
     585
    5224
   13825
   17376
    8755
   -6247
  -12433
   -1368
   18710
   32201
   33397
   29803
   28595
   26060
   14344
   -5400
  -22282
  -27237
  -21041
  -11063
   -4209
   -3687
   -8548
  -14144
  -15551
  -12603
   -9815
   -9798
   -8921
   -2123
    9100
   16661
   14557
    5675
   -1490
   -1880
    2500
    8309
   17257
   32824
   50504
   56437
   40338
    8316
  -21516
  -36190
  -36976
  -31775
  -24493
  -15054
   -5094
    2017
    5394
    6198
    3662
   -3812
  -13539
  -19752
  -21782
  -26366
  -38142
  -50878
  -52694
  -39241
  -18387
   -2084
    3873
    2932
    3872
   13131
   27363
   33862
   22913
     793
  -14133
  -10943
    2055
    8384
    2685
   -5665
   -5762
    3948
   17920
   30578
   38248
   37724
   27318
    9986
   -6010
  -11179
   -1922
   14555
   23999
   17296
    -623
  -16269
  -21810
  -20646
  -18823
  -16157
   -9548
   -1415
    1506
   -1757
   -2878
    5489
   18212
   21298
    8379
   -9683
  -15242
   -3285
   13359
   19667
   15671
   14505
   25198
   42241
   52492
   47596
   27975
     211
  -24359
  -32354
  -18345
    5718
   17730
    7562
  -10613
  -13182
    6504
   31229
   39327
   25548
     729
  -22829
  -39016
  -44195
  -35595
  -17295
   -1802
    1005
   -4397
   -3458
   11545
   32116
   42464
   35658
   19454
    7712
    7911
   16220
   22369
   18570
    5458
   -8219
  -11620
    -388
   18077
   28730
   21516
    1046
  -17908
  -24768
  -20714
  -12156
   -1599
   11585
   24808
   32190
   30442
   20992
    6926
   -7911
  -16904
  -13243
    2608
   20849
   30214
   26813
   15098
    3163
   -2300
    -738
     -27
   -9920
  -28863
  -40355
  -28779
     944
   24995
   24624
    5396
  -10198
   -6951
   10065
   25564
   31331
   29695
   23339
    9738
  -10505
  -25099
  -18126
   11443
   44141
   56529
   41806
   12547
  -13842
  -28652
  -32720
  -29624
  -21220
   -8292
    7175
   21510
   31031
   33981
   30924
   23902
   16017
   11251
   12277
   16707
   16752
    5190
  -17432
  -41999
  -56837
  -53889
  -31351
    4709
   39331
   54378
   42762
   18321
    5789
   16107
   34052
   35056
   13277
  -11935
  -17434
    1490
   31462
   56227
   65652
   55020
   25934
   -9722
  -33617
  -34377
  -16730
    3628
   12961
    8461
    -909
   -1266
   13526
   32539
   34785
   10299
  -27120
  -51848
  -49896
  -27611
    -192
   21756
   34107
   35568
   27978
   17777
   11835
   10743
    8160
   -2502
  -21068
  -39270
  -45692
  -33976
   -8600
   17564
   32773
   33533
   22937
    5934
  -10299
  -14983
   -1179
   22864
   36330
   25527
   -1805
  -26207
  -36927
  -36252
  -26896
   -6473
   21965
   43744
   46204
   34861
   27432
   31965
   37711
   29055
    3357
  -26712
  -44321
  -40660
  -21013
   -1733
    2642
   -7104
  -16593
  -15385
   -9064
   -9930
  -19631
  -27841
  -26910
  -20124
  -13757
   -8171
   -1342
    4029
    3470
   -1283
   -3323
     594
    7008
   11405
   11679
    5389
   -9820
  -29262
  -40002
  -32855
  -13395
    4811
   16641
   28232
   42534
   49906
   38958
   13233
   -9265
  -13580
   -1544
   11934
   13606
    3326
   -6298
   -2013
   15103
   27067
   15851
  -15692
  -43913
  -48129
  -30953
  -11887
   -4677
   -6605
   -7898
   -3937
    3974
   13970
   25223
   36492
   45799
   49605
   41134
   14585
  -23344
  -49008
  -37985
    9384
   61784
   81133
   54516
    2428
  -41746
  -57605
  -46173
  -21236
    1552
   10399
    1952
  -14854
  -24213
  -18954
   -9031
   -8928
  -18002
  -21287
  -11209
     900
    1367
   -5335
   -3370
   10140
   20113
   15680
    5848
    4783
    9338
    3441
  -16749
  -34646
  -34682
  -22234
  -13619
  -12255
   -6550
    8675
   21080
   17656
    4181
   -2522
    1521
    2272
  -12092
  -35262
  -51772
  -54619
  -47575
  -35558
  -21350
   -9771
   -6460
  -11142
  -18017
  -23596
  -27731
  -25983
  -10043
   18305
   40543
   38308
   15506
   -4602
   -5480
    6019
   10892
    -401
  -21304
  -38777
  -43107
  -30450
   -3540
   26910
   45573
   42371
   20588
   -5505
  -21872
  -24481
  -19470
  -15100
  -14333
  -14938
  -14867
  -14615
  -13868
   -9250
    1263
   12829
   16291
    6991
  -11085
  -29685
  -41612
  -41866
  -29163
  -10207
    1430
   -3192
  -18313
  -29273
  -28239
  -19721
  -10652
   -1493
    9479
   18378
   18679
   11030
    5067
    9918
   24838
   39246
   40510
   23424
   -4065
  -24301
  -23310
   -3590
   17739
   24916
   16368
    1286
  -12836
  -25483
  -37610
  -46167
  -46553
  -38097
  -24362
   -8891
    6587
   19342
   23746
   14951
   -4943
  -25627
  -35238
  -29878
  -17324
  -10454
  -15236
  -24584
  -24931
   -9526
   15091
   35288
   41303
   32185
   13511
   -6655
  -21176
  -27211
  -26711
  -21310
   -7735
   17060
   45404
   59775
   49639
   24636
    4723
   -2635
   -9129
  -27098
  -50072
  -57914
  -40065
   -8282
   14936
   16648
     405
  -22195
  -40735
  -47701
  -39053
  -19414
   -3808
   -5917
  -21410
  -28474
  -11016
   20449
   37411
   24076
   -5714
  -24840
  -21392
   -6183
    4375
    4851
    -638
   -8503
  -17966
  -26123
  -27459
  -19669
   -6212
    8367
   22183
   32586
   32286
   14583
  -15918
  -41454
  -44498
  -24680
   -1185
    3598
  -16036
  -45033
  -62435
  -58806
  -39322
  -13945
   10263
   27535
   31450
   20962
    6519
    3429
   16409
   33790
   39541
   29252
   12125
    -877
   -7308
  -11497
  -15762
  -16012
   -6338
   13106
   33811
   45155
   43225
   33356
   23962
   18490
   13982
    7174
     264
   -1347
    2770
    4707
   -4086
  -22060
  -37693
  -41606
  -35746
  -28509
  -23863
  -19404
  -13460
   -8288
   -4949
    -105
    8849
   18830
   25315
   29452
   35902
   43392
   42452
   26033
     361
  -18934
  -22855
  -19005
  -22959
  -39837
  -57127
  -57373
  -35877
   -3422
   26105
   45543
   52569
   46182
   30541
   17346
   16164
   22675
   23233
   12183
   -1651
   -7919
   -7608
   -8213
  -11351
  -12297
   -9435
   -6403
   -4337
     837
   10257
   16744
   12691
     989
   -6788
   -2808
   10012
   23547
   33138
   38912
   41417
   39693
   33554
   24707
   14457
    2708
   -8532
  -12891
   -5592
    7476
   11287
   -3496
  -28536
  -44314
  -38540
  -15290
   13192
   38151
   55318
   59862
   48260
   26006
    7132
    1348
    3875
    2335
   -7417
  -17549
  -21048
  -21627
  -25392
  -26751
  -11997
   20714
   52410
   60688
   43135
   17775
    1988
   -2290
   -2299
   -1761
     196
    2302
     717
   -4768
   -9601
  -10919
  -11262
  -14054
  -18353
  -20297
  -17631
  -10794
   -1567
    6996
   11244
   10525
    8731
    8795
    6726
   -4138
  -22268
  -36435
  -38208
  -32358
  -30474
  -35960
  -40141
  -33376
  -15630
    5665
   24647
   40352
   52265
   56669
   49926
   34683
   20401
   15594
   19265
   21728
   15182
    2288
   -7785
  -11146
  -14017
  -24572
  -42142
  -56657
  -57927
  -43871
  -20700
    2231
   17475
   22341
   19439
   14329
   11115
    9714
    7538
    3302
   -1690
   -5845
   -9475
  -13690
  -17765
  -19307
  -17546
  -15103
  -15052
  -16957
  -17868
  -17269
  -18347
  -22613
  -25526
  -20821
   -8802
    3122
    9370
   12941
   20951
   34564
   45359
   41785
   19406
  -13093
  -37064
  -36429
  -11585
   19212
   35785
   34300
   27710
   28768
   36885
   42949
   41940
   36444
   30884
   27788
   28623
   32501
   33395
   24501
    8003
   -4588
   -5991
   -3012
   -7330
  -19259
  -27925
  -27466
  -25011
  -28838
  -34567
  -29612
   -9597
   14863
   27870
   21741
    1825
  -18077
  -24888
  -15087
    2967
   16702
   20115
   16064
    8870
   -1719
  -17663
  -36276
  -49309
  -48065
  -29070
    3108
   36775
   58412
   60409
   45357
   23259
    4981
   -2899
    -846
    3185
   -1529
  -18505
  -37741
  -42533
  -24971
    6002
   32708
   43820
   41050
   33376
   27599
   24536
   21554
   16032
    5920
  -10794
  -33665
  -55151
  -60977
  -40410
     912
   40655
   56471
   44645
   21389
    5796
    3361
    6547
    8346
   11200
   21364
   36909
   45103
   34269
    8080
  -14584
  -16542
     968
   20186
   25270
   16178
    3267
   -7575
  -18772
  -30741
  -35120
  -24024
   -3575
    8579
    1443
  -17430
  -30887
  -30311
  -21373
  -13543
   -9249
   -5256
   -1015
   -1361
  -10480
  -25328
  -36444
  -35578
  -22787
   -6222
    5135
    8336
    6143
    1626
   -4414
  -10572
  -12540
   -6535
    5410
   15522
   16465
    7741
   -3402
   -7871
   -3310
    3092
    2683
   -3510
   -5700
     440
    5545
   -1392
  -15397
  -18250
    -561
   25609
   40002
   35064
   18898
    1429
  -15256
  -32626
  -47307
  -50254
  -34273
   -3107
   26428
   35248
   20183
     471
     148
   22078
   44175
   44298
   24485
    5610
    1112
    3420
   -2187
  -16868
  -27073
  -22041
   -6243
    7699
   14316
   18843
   26245
   31759
   25694
    6177
  -16173
  -27195
  -21861
   -8141
     515
   -3712
  -18158
  -34354
  -45765
  -49448
  -42062
  -20337
   10744
   34987
   38258
   24867
   13392
   13988
   17097
    9116
   -8062
  -21458
  -26226
  -29402
  -34736
  -35340
  -26468
  -16923
  -19270
  -32151
  -39794
  -28783
    -799
   30174
   48723
   47303
   30753
   13212
    6360
    8184
    5497
  -10845
  -34770
  -49613
  -42598
  -15606
   15168
   30287
   22332
    2640
   -9816
   -8044
   -2486
   -5221
  -13879
  -16525
   -8915
     966
    5443
    6156
    7490
    7983
    4130
   -1615
   -3709
   -2652
   -3943
   -7418
   -5009
    7330
   21034
   23916
   15271
    6818
    9330
   22872
   40086
   53724
   58495
   49777
   25972
   -7077
  -36670
  -50679
  -46135
  -32117
  -24165
  -33149
  -55997
  -76006
  -74096
  -43347
    4381
   45522
   61015
   49165
   24081
    1160
  -15435
  -29994
  -42280
  -42864
  -24748
    3489
   22112
   19611
    4613
   -3704
    4884
   24025
   40618
   47725
   46688
   40845
   31735
   20805
   10171
    -537
  -14914
  -33603
  -48172
  -45346
  -19681
   18922
   51092
   60730
   43573
    8519
  -25891
  -40206
  -27479
   -1491
   12621
    1289
  -23722
  -37064
  -25209
    2053
   24549
   31650
   27492
   21040
   17241
   18048
   25545
   38317
   46287
   36072
    6012
  -26487
  -38580
  -25400
   -6516
   -5105
  -22300
  -37191
  -32515
  -14088
    -799
    -560
   -3755
     835
   12298
   22514
   27239
   26096
   16471
   -3835
  -28135
  -42898
  -41477
  -30925
  -21832
  -15594
   -6591
    5574
   12722
    9138
    1925
    5711
   26069
   50403
   58046
   40387
    9585
  -13797
  -19869
  -13940
   -5058
    3211
    9245
    7907
   -5112
  -26195
  -46367
  -59257
  -62088
  -52306
  -31600
  -12829
  -12479
  -31111
  -48698
  -46493
  -29166
  -17839
  -23879
  -37724
  -43588
  -37290
  -26791
  -21072
  -22886
  -29323
  -35229
  -36717
  -33252
  -25845
  -13420
    5742
   27073
   37953
   28169
    3121
  -16432
  -10761
   20898
   57999
   75721
   67321
   49822
   44584
   51821
   49243
   19183
  -27278
  -58949
  -55447
  -24303
   10436
   28528
   22373
   -3206
  -32187
  -44366
  -31032
   -3812
   17421
   24206
   21996
   16771
    9477
    4323
   10296
   27194
   38842
   30831
   11035
    1867
   12789
   30249
   36297
   27446
   10874
   -8904
  -31056
  -50831
  -60372
  -57243
  -45739
  -29231
   -7580
   15555
   29008
   23921
    6178
   -6275
    -976
   15852
   25651
   16703
   -4673
  -21997
  -25066
  -16521
   -4519
    5914
   12714
   12806
    3721
  -10917
  -21592
  -20958
  -11099
   -1805
   -1425
   -9012
  -15204
  -11419
    1657
   15515
   23212
   24676
   22261
   15570
    4820
   -3411
    -238
   14439
   29419
   33209
   25060
   13623
    7802
   11052
   21314
   32234
   35575
   27188
   12439
    3324
    7937
   22883
   37005
   42715
   43016
   46331
   54081
   55583
   39013
    7805
  -18670
  -24581
  -14835
   -7560
  -10965
  -14790
   -6582
   10854
   24061
   26436
   23285
   20319
   15234
    3825
  -11305
  -23050
  -27800
  -26288
  -18088
   -1043
   22454
   42791
   50036
   42549
   27108
   11952
    1949
    -626
    5199
   17118
   28257
   31608
   26836
   20647
   19032
   20493
   18527
    9522
   -4228
  -18622
  -31311
  -39952
  -40266
  -29458
  -11132
    6191
   16219
   18913
   17526
   14750
   13604
   18928
   32574
   46177
   44234
   20339
  -10326
  -21261
   -1999
   27248
   33793
    6874
  -29095
  -37695
   -5878
   44231
   76310
   70622
   36446
    -918
  -22578
  -26817
  -21805
  -12993
   -1059
   10482
   13319
    3976
   -9233
  -14948
  -12544
  -10662
  -12201
   -8823
    5447
   21044
   20374
   -2408
  -33834
  -53408
  -50394
  -29364
   -3967
   12583
   13506
    -883
  -25050
  -48631
  -57121
  -39477
    -531
   37374
   52129
   41887
   23193
   10445
    4157
    -352
   -2992
   -3757
   -9291
  -24015
  -37926
  -34736
  -13813
    5921
    9001
    2875
    7158
   27596
   48652
   51408
   32654
    5909
  -10588
   -5572
   18648
   45758
   55237
   39765
   13849
     442
    7119
   19546
   21296
   15589
   20351
   42092
   63079
   60268
   32937
    4079
   -5470
    2454
   10672
    8015
   -1702
   -7958
   -4358
    7556
   19379
   20445
    6762
  -12901
  -23975
  -20831
  -10793
   -2228
    5809
   18012
   31693
   37709
   31240
   16605
    2097
   -5395
   -1846
   11367
   25030
   27951
   18434
    6286
     844
     545
   -2619
  -11877
  -23196
  -31693
  -35733
  -35199
  -29577
  -18183
    -272
   23463
   45950
   52490
   32099
   -6356
  -34574
  -28284
    8644
   46459
   56713
   36068
    4269
  -17369
  -22907
  -19766
  -15214
   -8509
    3935
   18717
   24067
   10170
  -18555
  -42166
  -38751
   -2994
   46664
   80742
   81714
   56279
   25697
    6077
    -169
    3004
   12962
   25155
   28749
   15187
   -7839
  -18771
   -4080
   24989
   42330
   33214
    7693
  -11373
  -10389
    4962
   18186
   18124
    7811
    -316
    3479
   18868
   37655
   49758
   47306
   28275
     494
  -20442
  -22491
   -7203
   13924
   31977
   45687
   54917
   55086
   41322
   15635
  -12483
  -31708
  -35655
  -27655
  -19709
  -22239
  -32154
  -34975
  -22967
   -7874
   -9272
  -30134
  -49744
  -44067
  -10735
   28693
   50070
   48143
   37280
   33064
   35155
   29442
    6624
  -23819
  -40217
  -28664
    4596
   38875
   54665
   45855
   22551
    4186
    5290
   22920
   38478
   35127
   14074
   -7699
  -15479
  -11038
   -9036
  -20452
  -39555
  -47425
  -30298
    4432
   32565
   35343
   15847
   -7744
  -21153
  -22404
  -15508
   -4029
    8287
   17120
   20346
   17071
    3824
  -20771
  -45010
  -47575
  -20933
   14018
   27268
   12296
  -10363
  -21808
  -24692
  -29297
  -31427
  -16843
   15587
   47205
   58641
   48119
   28141
   11095
    2882
    4691
   12735
   17314
    9479
   -8785
  -24707
  -27024
  -15902
    -340
   10359
   10917
     855
  -13950
  -22574
  -17725
   -4154
    5458
    4539
    -321
    2105
   14751
   29684
   35852
   26947
    4155
  -24241
  -45837
  -51146
  -40774
  -24810
  -13600
   -9424
   -7765
   -5283
   -4179
   -7849
  -13580
  -12283
    2270
   24063
   37101
   29052
    2521
  -27496
  -45573
  -44615
  -27072
   -3180
   12231
    7526
  -16441
  -45675
  -63443
  -61219
  -41110
  -12518
   11936
   22582
   20131
   15160
   16277
   20654
   20323
   15353
   14251
   21226
   29692
   31060
   24963
   17303
   12228
   10361
   11828
   15203
   14069
     782
  -23162
  -43592
  -44808
  -24861
    2305
   20350
   24096
   18818
    9916
   -1016
   -9940
   -7902
    8812
   29236
   36397
   26725
   14864
   16240
   29442
   39714
   36864
   25549
   19148
   26244
   41533
   47791
   29952
   -8062
  -41877
  -47227
  -23000
    9113
   26955
   25339
   12315
   -3700
  -18126
  -26758
  -25801
  -16293
   -4716
    1927
     512
   -7265
  -15472
  -16487
   -6980
    7539
   16901
   15903
    7319
   -4828
  -20471
  -38839
  -52156
  -50448
  -34112
  -17661
  -17469
  -36046
  -59665
  -70901
  -62542
  -40668
  -17614
   -3736
   -3287
  -12831
  -21354
  -16363
    3797
   23802
   23952
    2169
  -21415
  -26420
  -14612
   -3751
   -2170
     337
   13977
   30828
   32663
   12877
  -15807
  -33755
  -29804
   -7071
   19807
   33335
   25334
    3037
  -19080
  -32853
  -38795
  -37699
  -27375
   -8886
   10922
   26386
   37107
   42158
   36733
   19930
     547
  -11821
  -17696
  -22284
  -22618
  -10654
   10083
   21732
   11567
  -12336
  -30678
  -33404
  -24965
  -13659
   -3646
    3570
    7209
    8588
    9517
    7737
   -1616
  -17692
  -31189
  -33728
  -27809
  -23879
  -28303
  -37037
  -40902
  -34770
  -21652
   -9982
   -6964
  -12468
  -18936
  -18863
  -12506
   -6157
   -2870
    1457
   10577
   19423
   17229
    -933
  -28124
  -50458
  -55777
  -39367
   -6962
   25590
   39991
   28086
   -2081
  -33108
  -49986
  -46132
  -23896
    5994
   28606
   34939
   28533
   18489
    7689
   -5940
  -17456
  -14437
    5882
   26333
   25909
    4062
  -18903
  -25312
  -16634
   -5787
   -1118
   -2203
   -5297
   -6461
   -2160
    7072
   14104
   11314
    -151
  -10857
  -13544
  -10130
   -7442
   -8573
   -9684
   -3745
   12697
   34096
   47188
   41258
   18852
   -6183
  -22478
  -29607
  -31083
  -24469
   -5307
   20535
   36357
   30241
    7719
  -14369
  -24622
  -24792
  -22520
  -20762
  -16544
   -8303
    -364
    2936
    6347
   21301
   50526
   78557
   83925
   60871
   23844
   -9196
  -30631
  -39133
  -32653
  -14596
    -533
   -5649
  -24372
  -32974
  -16942
   11678
   29441
   27718
   16693
    7645
    1160
   -6211
  -12532
  -13591
  -11626
  -14539
  -25455
  -36415
  -34840
  -16393
    8827
   23215
   16106
   -6996
  -28978
  -35271
  -24205
   -5128
   11031
   18643
   18254
   14605
   13248
   15275
   14367
    2410
  -19850
  -40492
  -47774
  -42242
  -34393
  -31345
  -30054
  -24806
  -17621
  -17430
  -29067
  -45734
  -54454
  -49025
  -35802
  -24922
  -17298
   -4816
   14894
   29018
   21554
   -5641
  -30593
  -33552
  -17616
   -2772
   -1914
   -8312
   -7091
    6233
   21687
   26317
   16156
   -1994
  -16936
  -20823
  -14049
   -4891
   -2812
   -9489
  -16411
  -13266
     479
   13432
   13016
   -1295
  -16304
  -18087
   -7103
    1455
   -5561
  -23625
  -35800
  -33677
  -26962
  -28387
  -34816
  -31800
  -15187
    2058
    8062
    8050
   14553
   27458
   34336
   29572
   22360
   22289
   26515
   28338
   30978
   41370
   52732
   46989
   19632
   -8332
  -12956
    3368
   15777
    8825
   -6025
   -7572
    8973
   28370
   32715
   17302
   -7031
  -22364
  -17681
     165
   11441
    4698
   -8758
   -7471
   13966
   38259
   46328
   37963
   27444
   24035
   24057
   21278
   17600
   18880
   22941
   17758
   -5548
  -40286
  -68561
  -78207
  -71968
  -59151
  -43315
  -23099
   -2208
    9309
    6380
   -3583
   -9026
   -7745
   -7224
  -11676
  -14012
   -4587
   14060
   26620
   21420
    3891
  -10765
  -16590
  -21785
  -32472
  -38785
  -25237
    6765
   35121
   38677
   17776
   -9438
  -26540
  -30611
  -28566
  -28414
  -34172
  -43828
  -49616
  -42959
  -21956
    5908
   28410
   35205
   22119
   -5851
  -33953
  -45253
  -35050
  -17048
   -9629
  -14586
  -14686
    4218
   33107
   48033
   37118
   12479
   -6214
  -12967
  -15220
  -18107
  -18170
  -12618
   -5792
   -1860
    2798
   13205
   24593
   24900
    9213
  -13577
  -29970
  -33389
  -25320
  -10750
    3093
    7666
    -361
  -13472
  -19439
  -14797
   -8758
  -11875
  -23479
  -32592
  -29633
  -14973
    3245
   17511
   26616
   33774
   39820
   39786
   28525
    9949
   -2776
      96
   12372
   15449
   -3732
  -38914
  -69002
  -75284
  -54752
  -20098
    9948
   21847
   14661
     110
   -6476
     988
   14297
   19515
   10202
   -8510
  -26882
  -38215
  -40049
  -32472
  -18311
   -3289
    6730
    8819
    3359
   -6491
  -14886
  -16347
  -12011
  -10388
  -17391
  -26670
  -25223
   -9549
    9287
   19574
   22704
   27258
   32503
   26386
    2515
  -27157
  -42385
  -35511
  -17473
   -3362
    3247
    9693
   21547
   34625
   40061
   35346
   28309
   28402
   33454
   27913
    -705
  -42528
  -67971
  -55278
  -14392
   21213
   26717
    6463
  -16659
  -25445
  -19152
   -6878
    1856
    1600
   -6097
  -12086
   -7445
    4963
   10887
     391
  -20054
  -35413
  -39222
  -36891
  -33146
  -24234
   -6349
   13631
   22288
   14443
      44
   -4927
    6287
   24436
   32128
   20249
   -1943
  -14743
   -7459
   11972
   28256
   35635
   38732
   39349
   30822
    8823
  -17438
  -30392
  -20328
    5648
   29961
   38416
   29638
   14205
    5415
    9353
   22063
   34494
   38659
   30151
    9139
  -17656
  -37591
  -39408
  -22635
     890
   16177
   16229
    4835
   -9475
  -20153
  -23977
  -19575
   -8428
    2744
    4543
   -6863
  -24657
  -36874
  -37485
  -30766
  -24829
  -22755
  -21006
  -15029
   -4559
    6718
   15590
   22347
   28886
   34013
   32004
   17650
   -6705
  -30483
  -42624
  -40066
  -28171
  -13862
    -675
    9304
   12555
    7637
     861
    2836
   16029
   29114
   28519
   14681
    2167
    2845
   13013
   19213
   13865
    2418
   -3747
     353
    7431
    4242
  -14054
  -35426
  -40447
  -22487
    4570
   21513
   23441
   19922
   18741
   17063
    9950
     775
   -1826
    5253
   16092
   22407
   21167
   16262
   14657
   20007
   27722
   27279
   12891
   -7388
  -16696
   -6382
   13071
   20934
    6978
  -17744
  -31436
  -22492
     -27
   15377
   10897
   -7717
  -23330
  -24721
  -16312
  -10557
  -12405
  -14146
   -6012
   11704
   29907
   41265
   44735
   40677
   28396
   11793
    2008
    7632
   22598
   29016
   14325
  -15883
  -42237
  -46919
  -26047
    8289
   36106
   43173
   30950
   13675
    4725
    6169
   10906
   11251
    3201
  -13725
  -34993
  -49707
  -46850
  -26319
   -1040
   14931
   18960
   18196
   17351
   12416
   -2607
  -25673
  -45350
  -48767
  -30955
     894
   30075
   39277
   22490
   -7887
  -27307
  -17923
   14569
   43529
   44488
   17623
  -13666
  -26538
  -18839
   -5258
    1861
    2788
    3150
    3277
   -1436
  -12354
  -23876
  -28398
  -23436
  -13462
   -5117
    -354
    5478
   17689
   34560
   47489
   49445
   41264
   28837
   17086
    8827
    6076
    7693
    6843
   -3967
  -23761
  -42190
  -48884
  -40974
  -21343
    5070
   29985
   41791
   33810
   12463
   -7702
  -17889
  -20260
  -19646
  -16431
  -11208
  -10876
  -22072
  -38867
  -44710
  -30792
   -8221
    3509
   -1528
  -10943
  -11604
   -5616
   -4815
  -13703
  -24545
  -28949
  -27572
  -24937
  -19285
   -4088
   19788
   38437
   35827
   10665
  -20031
  -36047
  -32240
  -20379
  -13503
  -11990
   -7292
    3798
   14241
   16888
   14613
   16689
   27039
   39559
   44842
   39323
   28059
   20235
   21330
   27317
   26978
   13316
   -6080
  -13357
    1221
   25959
   36641
   20468
  -10896
  -33677
  -35428
  -23723
  -13174
   -8392
   -1625
   15599
   41019
   60438
   56820
   24179
  -23052
  -56349
  -55660
  -28647
   -3637
    -409
  -11477
  -15897
   -6927
    2269
    -392
   -9626
  -13177
  -11001
  -14032
  -25877
  -36322
  -35893
  -28226
  -22222
  -18440
  -11618
   -3504
   -3289
  -13346
  -21771
  -13846
   11616
   39804
   51971
   39536
   10268
  -16843
  -25641
  -15483
    -201
    5893
    -519
  -13609
  -26952
  -37380
  -43784
  -46494
  -46596
  -42467
  -28988
   -5535
   15488
   15203
  -11402
  -44440
  -54817
  -33124
     -80
   14365
    1213
  -20299
  -24480
   -5072
   21106
   32933
   24699
    9100
    4191
   17322
   39075
   51856
   45381
   24074
    -290
  -19826
  -31293
  -29434
   -8463
   26361
   54962
   57586
   33760
    2572
  -15573
  -14925
   -4333
    2942
   -2080
  -20523
  -45662
  -66490
  -73982
  -65505
  -44386
  -17246
    7636
   22598
   25353
   21670
   19771
   20491
   16059
    1662
  -14254
  -16624
   -1577
   17445
   24697
   19867
   16372
   23911
   38051
   47181
   44468
   31159
   12645
   -5438
  -19848
  -31442
  -42274
  -49131
  -43756
  -23804
    -917
    8326
     373
  -10836
   -9385
    5101
   17250
   12225
   -8228
  -25044
  -18001
   14798
   53074
   71673
   62093
   36481
   13197
    2496
    4744
   15212
   26451
   29906
   21028
    3857
  -11548
  -17199
  -13269
   -7382
   -7602
  -14131
  -18217
  -12344
   -1502
     398
  -12460
  -28988
  -33654
  -24456
  -13121
   -9272
  -10787
  -10487
   -6503
   -2972
   -3959
   -9757
  -17074
  -20353
  -14663
    -253
   16061
   26172
   27749
   25249
   24266
   25715
   25161
   17261
    1552
  -15324
  -23816
  -19127
   -5005
    9873
   18067
   15821
    2672
  -17268
  -33876
  -35697
  -20055
    2228
   15177
   11885
    -117
   -7328
   -3007
    7977
   14881
   10862
   -1191
  -10848
   -8849
    4603
   19516
   24292
   14656
   -4428
  -23820
  -36604
  -41630
  -42995
  -45348
  -47660
  -41824
  -19799
   16359
   51973
   68360
   56088
   22967
   -9971
  -23901
  -17510
   -5895
   -1620
      96
   11431
   29500
   34664
   16394
   -7608
   -8522
   18799
   47108
   45411
   11022
  -29789
  -49306
  -42800
  -26956
  -18043
  -14966
   -5530
   12938
   26265
   21464
    7093
    5830
   25257
   44673
   37455
    2670
  -32218
  -39653
  -18252
    9391
   20503
   10963
   -7288
  -22921
  -35603
  -49279
  -59234
  -52595
  -24682
    9067
   23369
    7064
  -24762
  -43660
  -33223
   -3375
   19079
   15376
   -7769
  -26024
  -23313
   -7444
    2156
   -1227
   -5620
    1329
   14926
   18559
    2716
  -25586
  -50247
  -58123
  -44623
  -13914
   22538
   50679
   62115
   58984
   49634
   40243
   32461
   27607
   28291
   33989
   38932
   38715
   37419
   42979
   54437
   58250
   40923
    4650
  -31037
  -42948
  -21207
   22304
   59828
   67015
   43035
   11537
   -2669
    2167
    7817
    2218
   -5366
     640
   18444
   28841
   18320
   -5019
  -21304
  -19873
   -6775
    5461
   10318
    9160
    4564
   -4668
  -20718
  -39433
  -48083
  -34715
   -2435
   28354
   37351
   24896
   11026
   12090
   22736
   25323
   13522
    -642
   -3024
    7185
   21318
   33173
   39856
   35068
   12288
  -22827
  -51193
  -57464
  -45071
  -29452
  -19558
  -12449
   -4494
     951
     787
     573
    8307
   21320
   26105
   13458
   -9807
  -26610
  -25409
   -9361
    7513
   11187
   -2710
  -25730
  -42531
  -42781
  -29008
  -12748
   -3625
   -3288
   -8311
  -14749
  -18273
  -13777
     200
   16609
   23655
   16162
    1482
   -8944
  -13491
  -21812
  -39924
  -57129
  -54279
  -27082
    4438
   15731
    5054
   -5962
    -346
   13054
   12190
   -8803
  -31144
  -32929
  -12422
   13300
   28123
   30370
   28647
   29827
   32743
   31132
   20985
    5869
   -4323
   -1522
   11610
   21317
   14132
   -9008
  -30769
  -32386
  -12087
   12611
   22126
   13172
    -999
   -6408
   -1544
    3958
    -231
  -16845
  -39512
  -56899
  -60171
  -49532
  -34090
  -24603
  -25789
  -34087
  -40581
  -36714
  -21104
   -2616
    6562
    3945
     538
    7908
   23114
   31514
   25174
   13552
   12410
   24308
   34145
   25059
   -2745
  -30085
  -35527
  -13783
   21654
   51768
   65734
   63005
   47652
   25452
    4530
   -7372
   -8892
   -5744
   -3865
   -4137
   -4878
   -5883
   -6965
   -5662
    -928
    2727
     490
   -3490
    1197
   16076
   27054
   19160
   -4011
  -22101
  -20064
   -3214
   11620
   14653
    8458
   -1323
  -12885
  -24483
  -30113
  -24632
  -11801
   -2135
   -1087
   -2512
    3242
   16068
   24315
   17242
   -2805
  -22226
  -28850
  -21131
   -6348
    6518
   11295
    6137
   -4999
  -12964
   -9460
    5647
   24226
   37230
   40350
   33029
   16601
   -3801
  -19467
  -25685
  -27500
  -31647
  -32710
  -15717
   22107
   58093
   62150
   28790
  -15598
  -39947
  -37600
  -24833
  -16226
  -10055
    1310
   14294
   14445
   -5874
  -34332
  -47052
  -31485
     104
   21656
   18042
   -2392
  -19698
  -23426
  -19276
  -17282
  -18945
  -17987
  -10323
     682
    8746
   11856
   13481
   16980
   19901
   15702
    2616
  -10560
  -10973
    4584
   24376
   31681
   19253
   -6066
  -29904
  -39220
  -27711
    1853
   38072
   64977
   68637
   44266
    1923
  -34798
  -43492
  -23480
     803
    3976
  -13068
  -26690
  -21110
   -6373
   -1963
  -11797
  -24466
  -32731
  -40441
  -49130
  -49233
  -31898
   -4371
   13926
   10311
  -10249
  -32190
  -42950
  -39351
  -25462
   -7892
    7580
   17364
   19792
   14882
    5901
     592
    6946
   24089
   38575
   34878
   12271
  -11572
  -17623
   -5107
    9632
   13367
    9788
   10903
   19997
   28859
   29741
   23659
   16018
    9432
    3349
   -3296
  -12193
  -25195
  -40165
  -49575
  -47177
  -34995
  -20296
   -6499
    9228
   29526
   51354
   67050
   68340
   50807
   19552
   -9347
  -19532
  -10597
    -127
   -5649
  -26537
  -46245
  -49160
  -31914
   -2780
   22835
   28198
    6272
  -30778
  -58122
  -58974
  -37392
   -9716
   11923
   24542
   28316
   23256
   11864
    -117
   -7176
   -6157
    3838
   19357
   30563
   26653
    6048
  -21361
  -43386
  -53870
  -51279
  -35114
   -9011
   15787
   26576
   19929
    3769
  -10086
  -12513
     387
   23548
   41006
   36095
    9014
  -20229
  -31589
  -24660
  -13911
   -8526
   -5215
     287
    4795
    4625
    2970
    3673
    2961
   -4179
  -11828
   -7033
   11830
   28325
   24827
    1909
  -23970
  -38561
  -39464
  -29663
  -10282
   15702
   37394
   40963
   22750
   -5302
  -25827
  -31449
  -28728
  -26983
  -25943
  -17541
     518
   17423
   19082
    4109
  -13246
  -16627
   -2284
   19302
   34015
   36045
   31729
   32159
   39909
   43250
   27474
   -6138
  -36380
  -41112
  -18977
   10494
   26238
   21476
    3154
  -16683
  -26964
  -21737
   -4258
   14536
   25370
   27563
   24579
   16044
     -50
  -17781
  -23041
   -7350
   20685
   41836
   44022
   31514
   17309
    9673
    7409
    5588
    2176
   -1926
   -6327
  -10685
  -10813
      38
   22148
   43594
   48597
   32868
    7852
  -11052
  -17564
  -15530
  -11685
  -10525
  -12662
  -13526
   -5525
   13310
   32825
   37812
   23333
    -424
  -20119
  -32079
  -39920
  -43156
  -35170
  -14047
    9902
   22202
   18494
    6925
   -3269
  -10734
  -17564
  -21049
  -16381
   -7154
   -6382
  -22479
  -46566
  -58594
  -46984
  -19629
    5658
   19211
   25246
   30268
   30447
   15393
  -15681
  -47099
  -60377
  -52676
  -37099
  -25380
  -16038
   -1643
   17561
   32311
   34502
   24179
    7050
  -10415
  -22343
  -23927
  -14314
    1002
   12795
   14879
    8886
    1776
   -2465
   -7913
  -20971
  -38919
  -47863
  -35848
   -6919
   21323
   34074
   30451
   19202
    8209
     -40
   -6836
  -15254
  -28402
  -46141
  -62901
  -70158
  -61760
  -38015
   -7128
   16999
   22744
   10672
   -6006
  -14637
  -16010
  -20254
  -30454
  -35822
  -24244
    1466
   23857
   27445
   13159
   -3792
   -8869
    -368
   12076
   18586
   16635
    8770
   -2617
  -15142
  -23803
  -23677
  -15948
   -7705
   -4382
   -4918
   -5415
   -4777
   -5041
   -8208
  -14254
  -20354
  -20965
  -11680
    4361
   16148
   14155
    -661
  -19053
  -32561
  -37370
  -31971
  -17780
   -3395
   -1916
  -18505
  -42390
  -55643
  -49801
  -30809
   -8659
   12230
   30006
   38255
   29265
    5127
  -20021
  -32678
  -32646
  -29732
  -29650
  -27892
  -18266
   -3078
    8490
   10359
    4981
    -358
     220
    8360
   21219
   31929
   32703
   21267
    4923
   -4222
    -273
   10402
   15312
    8258
   -4759
  -11684
   -5716
    9105
   22240
   26471
   24879
   28151
   42423
   58451
   56433
   26712
  -14586
  -36624
  -24393
    5188
   22288
   17071
    7295
   12733
   29875
   37929
   25443
    2443
  -14172
  -19266
  -19161
  -18467
  -14702
   -5105
    7590
   17931
   22211
   18715
    8069
   -3673
   -6774
    1607
   10322
    4406
  -16275
  -34208
  -33834
  -20268
  -13364
  -24169
  -42092
  -46650
  -28896
     318
   21354
   23582
   13353
    5444
    6524
    8409
    -169
  -16750
  -25534
  -16458
    1197
    8899
    -392
  -16794
  -26740
  -25012
  -13783
    2282
   15944
   18537
    7949
   -6474
  -12226
   -6068
    5741
   17342
   26872
   30166
   19058
   -8586
  -40589
  -57395
  -47468
  -15281
   22304
   45008
   40095
   12878
  -13281
  -14570
   11349
   42871
   55110
   41134
   13848
   -7327
   -9703
    6193
   27441
   38886
   37672
   35552
   42232
   50074
   43214
   20466
    -903
   -6796
   -2063
    1182
    2068
    7327
   13979
    8932
  -12141
  -36143
  -47762
  -45524
  -36702
  -23541
   -4136
   16339
   26539
   23237
   16194
   14096
   11501
   -4121
  -35000
  -67822
  -84624
  -75386
  -42596
     -63
   32346
   40018
   25169
    5390
   -2795
    1496
    6749
    4510
   -2144
   -5247
   -2895
    -796
   -3856
   -8576
   -5434
   10515
   31977
   44368
   39662
   23962
    9827
    3127
     706
    -764
     295
    5029
    9778
   11651
   14193
   21106
   26969
   22569
    9961
    3234
    9947
   19484
   17280
    5527
    -320
    5465
   10365
    2136
  -12752
  -16943
   -4276
   14284
   25877
   28448
   25489
   15583
   -5066
  -31157
  -46776
  -39210
  -12209
   16891
   31997
   28675
   12562
   -7523
  -23684
  -30484
  -27028
  -18054
  -10762
   -9130
  -11016
  -10200
   -1414
   14442
   28243
   27816
    9216
  -16470
  -30820
  -24527
   -4586
   15438
   28675
   35514
   34693
   21257
   -4184
  -29024
  -36887
  -22805
    1634
   18073
   15402
   -3715
  -25906
  -35579
  -24672
     885
   23791
   27893
   11191
  -13344
  -30567
  -36210
  -36801
  -39025
  -42770
  -44288
  -41106
  -30898
  -10364
   17636
   37134
   28972
   -6449
  -41696
  -45971
  -16523
   18967
   31923
   19662
    1888
   -2769
    8198
   25008
   36663
   37241
   26420
    7348
  -16151
  -40370
  -59243
  -63594
  -47808
  -18648
    7159
   18354
   20513
   27744
   43306
   53755
   45521
   23777
    8949
   13672
   27948
   30818
   14795
   -5542
   -9888
    5773
   25175
   28289
   10017
  -17138
  -37187
  -45831
  -50880
  -58831
  -64780
  -58720
  -39869
  -19364
   -7365
   -2329
    3079
    9310
    9917
    4108
    2101
   12975
   30319
   36388
   22117
   -1058
  -12914
   -6643
    4459
    3295
  -11657
  -26249
  -27612
  -16315
   -1328
   11569
   22105
   29134
   27861
   15155
   -4810
  -21661
  -24882
   -9794
   19172
   50038
   70719
   77067
   72898
   62015
   43524
   17686
   -6664
  -16731
   -9692
    1653
     761
  -15707
  -35101
  -42469
  -34571
  -20211
   -9755
   -6408
   -5907
   -1522
   10306
   25858
   34732
   27895
    7595
  -12815
  -21372
  -18061
  -10875
   -5100
   -1728
   -3498
  -13410
  -25394
  -25524
   -9079
    9431
   11803
    -762
   -8975
    -701
   13049
   11340
  -12138
  -41836
  -55570
  -44499
  -19859
   -1794
    -108
   -5602
   -2802
    9589
   16962
    9346
   -3995
   -7410
   -1078
    -427
  -14119
  -32971
  -43906
  -45455
  -42727
  -34471
  -15749
    8760
   24872
   24812
   15051
    4758
   -5579
  -17382
  -22641
  -10959
   12069
   24568
   12395
  -13004
  -27879
  -23724
  -13454
  -10856
  -13461
  -10452
    -458
    7333
    8082
    8148
   13716
   19617
   16498
    5934
    -240
    2841
    4266
   -8286
  -29436
  -39176
  -25899
    -490
   15359
   11110
   -5590
  -20641
  -27088
  -27104
  -25092
  -21880
  -15037
   -3503
    8399
   12241
    2709
  -15422
  -28766
  -25993
   -8475
    9716
   13641
     895
  -16179
  -22291
  -13762
    -808
    4495
     253
   -6299
   -8717
   -6011
    1413
   14340
   30193
   40186
   36995
   25269
   19565
   28980
   45694
   51426
   35055
    2489
  -30222
  -51251
  -59869
  -61445
  -59079
  -51596
  -38498
  -24361
  -16291
  -16477
  -18448
  -12823
    2207
   17429
   21247
   11165
   -4944
  -17944
  -24503
  -24865
  -18362
   -5120
    9887
   19377
   21287
   21073
   25263
   33967
   40033
   34467
   13692
  -15601
  -38455
  -41798
  -25161
   -1156
   14886
   15191
    1584
  -17780
  -32047
  -32467
  -18438
    1519
   17275
   25228
   27567
   25834
   19339
    9693
    2304
    1048
    3934
    6388
    7167
    8349
   10218
    9241
    2623
   -6377
   -9521
   -1078
   15291
   27599
   25154
    8649
   -9847
  -18562
  -17727
  -17808
  -25297
  -32528
  -24588
    3336
   37611
   56521
   48856
   22746
   -2041
   -9831
     245
   15199
   18766
    3972
  -21224
  -39860
  -39323
  -20983
    2143
   16516
   16605
    4254
  -16027
  -37629
  -49798
  -41883
  -14109
   18518
   38366
   41724
   39281
   39696
   38471
   27350
   10232
    1589
    8119
   19143
   19883
    9790
    1118
     850
    1985
   -4343
  -14730
  -18435
  -13852
  -11612
  -18685
  -26049
  -18669
    4312
   26066
   30265
   17910
    3107
   -3833
   -3753
    -740
    5817
   17440
   28980
   31144
   21301
    7351
   -1563
   -5248
   -9856
  -16533
  -17520
   -5971
   12865
   24065
   17802
     337
  -10935
   -3283
   20607
   46254
   59709
   56255
   40154
   19686
    2912
   -5345
   -6117
   -5804
  -10496
  -19752
  -26945
  -25973
  -16386
   -1949
   13496
   27345
   37287
   41113
   36937
   23023
    -160
  -25346
  -38985
  -32326
  -12835
     571
   -3685
  -19004
  -30184
  -29129
  -17730
    -821
   16413
   26544
   23887
   11709
    -642
   -8929
  -16440
  -24472
  -28358
  -26301
  -24002
  -24126
  -18333
     622
   22783
   28254
   11252
  -12342
  -24209
  -22642
  -18475
  -18900
  -21697
  -21859
  -17477
   -9791
   -2023
    1811
     396
   -2133
     441
    9841
   21927
   32046
   39586
   46276
   51432
   50490
   38853
   17498
   -5123
  -17835
  -15119
   -1705
   11200
   14485
    6850
   -6007
  -16255
  -18499
  -11852
     356
   12324
   18119
   14261
    2225
  -10900
  -16000
   -8917
    4954
   14332
   12403
    4214
    2330
   13249
   28357
   30909
   13582
  -12522
  -28640
  -27026
  -16068
   -7798
   -5189
   -3491
     857
    7326
   14426
   19910
   18802
    7912
   -5760
   -7281
   10565
   36786
   52395
   50185
   39854
   33722
   32512
   27660
   14039
   -3552
  -15648
  -17190
  -11796
   -9236
  -17984
  -36809
  -52912
  -52043
  -33289
  -11624
   -2408
   -4929
   -5577
    3696
   16374
   22378
   20829
   16396
    8816
   -4255
  -15176
   -8261
   20791
   53963
   66344
   50324
   20205
   -4009
  -12026
   -5768
    4673
    6090
   -8840
  -31965
  -42874
  -27698
    5613
   34345
   42925
   34436
   20925
    7872
   -7692
  -26186
  -38758
  -34988
  -15784
    4650
   10803
   -1149
  -21930
  -37875
  -39394
  -24055
    3185
   31223
   47981
   48183
   36549
   22885
   14763
   14187
   17545
   16898
    5292
  -14675
  -29591
  -27718
  -12303
    2575
    8974
   10928
   11707
    4674
  -15028
  -35366
  -35865
  -12207
   17351
   33946
   37770
   39115
   37640
   23236
   -2792
  -20195
  -11027
   17298
   38202
   33851
   10923
  -11019
  -20094
  -18059
  -10874
     -58
   15558
   33603
   47783
   54227
   55366
   54539
   47900
   27405
   -4454
  -27447
  -19830
   16119
   51350
   58095
   37578
   15100
   10699
   21385
   31115
   29015
   13717
  -12463
  -44313
  -70225
  -77065
  -63018
  -42097
  -31744
  -36314
  -44581
  -42547
  -26741
   -5552
    9798
   14166
    9723
     910
   -9910
  -21665
  -31280
  -33852
  -27704
  -18806
  -17919
  -30780
  -50124
  -59082
  -45502
  -14207
   16305
   30476
   27982
   19155
   11487
    4481
   -3554
   -9371
   -8172
     -94
    9592
   15115
   12836
    1831
  -13887
  -24364
  -20138
   -2373
   16260
   24148
   23280
   26212
   40087
   56173
   57347
   35815
    2429
  -21924
  -24088
   -8302
   10206
   19139
   16002
    4000
  -13605
  -32231
  -42675
  -35851
  -13465
    9819
   19375
   15459
   11961
   19710
   33632
   38250
   24680
     373
  -17994
  -20169
  -10429
    -792
    2248
    2748
    7736
   17866
   27946
   34454
   38234
   39736
   36039
   24512
    6260
  -15736
  -37634
  -50599
  -41243
   -5000
   41342
   69565
   66910
   47607
   33526
   29564
   25482
   16926
   12073
   15181
   14969
   -1708
  -29677
  -48507
  -45702
  -29427
  -16080
  -11043
   -5833
    8791
   31300
   50509
   55735
   45869
   29608
   16552
    8112
   -1153
  -13462
  -23124
  -24381
  -20039
  -17466
  -18025
  -16051
   -7785
    4284
   16301
   26069
   29843
   23270
    9252
   -1735
   -4553
   -6378
  -13282
  -15654
    1560
   35407
   63458
   68478
   55156
   38628
   25893
   15080
    5405
    -668
    -871
    8263
   31221
   62729
   80925
   64022
   16647
  -29650
  -46830
  -35501
  -16667
   -6100
   -3751
   -3301
   -2218
   -1221
    -482
     114
    -278
   -2218
   -5179
   -9157
  -14714
  -19382
  -16362
   -1009
   20621
   32887
   23340
   -5142
  -35464
  -49274
  -39744
  -15077
    7766
   14780
    5184
   -8555
  -13678
  -10700
  -10685
  -18294
  -23216
  -13173
    8554
   25995
   30199
   28133
   29091
   29598
   19530
     728
   -9795
     711
   23473
   37169
   33118
   24060
   24427
   28705
   18555
   -9786
  -36039
  -39082
  -22053
   -6107
   -3660
   -7928
   -8262
   -5035
   -5127
  -10238
  -15593
  -16038
   -8877
    5182
   18975
   20949
    7115
  -10710
  -15240
   -2545
   14450
   21351
   16023
    6341
     158
     509
    6529
   14873
   21347
   23362
   20126
   10759
   -3985
  -16890
  -16454
     726
   21708
   27003
    9878
  -16813
  -33113
  -28776
   -8800
   12810
   22983
   17478
    3164
   -8001
   -9274
   -3153
    4951
   13770
   23847
   30701
   26602
   11273
   -3705
   -5676
    5227
   17075
   20688
   18282
   15760
   11883
    1490
  -12087
  -15844
   -2426
   17672
   24878
   10887
  -13815
  -32575
  -38246
  -34651
  -26629
  -13793
    5038
   24428
   33245
   24962
    6234
   -7601
   -7407
     695
    3321
   -3922
  -11138
   -5820
   12702
   32267
   39876
   32812
   18513
    5671
   -3158
  -10397
  -16565
  -17181
   -8403
    5607
   14566
   12955
    6886
    7771
   19885
   36020
   44549
   38349
   17362
  -13241
  -44238
  -64024
  -64759
  -49600
  -31454
  -21012
  -16083
   -5991
   12615
   28253
   26619
    8176
  -11576
  -20405
  -22574
  -29645
  -41642
  -44450
  -27522
     868
   20215
   18216
    1899
  -10810
   -8256
    5724
   17080
   15101
    2144
   -9101
   -8672
    -241
    1790
  -12662
  -36688
  -49777
  -36139
   -1445
   29575
   34599
   13131
  -16617
  -38075
  -48280
  -49671
  -39473
  -15744
   10798
   23266
   19333
   15410
   23933
   33954
   23725
  -10482
  -47604
  -64135
  -55014
  -30689
   -2836
   20283
   30510
   22523
    1323
  -19643
  -31168
  -35707
  -39934
  -43573
  -39629
  -24096
   -1377
   19739
   32024
   31933
   20713
    6120
    -780
    4217
   11880
    7711
  -11619
  -32599
  -37440
  -21049
    5233
   24649
   28487
   21054
   13848
   13821
   15796
    8068
  -12222
  -31647
  -32992
  -15154
    4054
    6849
   -6047
  -17948
  -14197
    5310
   28925
   44030
   45250
   35930
   23677
   13563
    5032
   -4390
  -13478
  -17115
  -11353
    2821
   20064
   32809
   33689
   20099
   -1154
  -15892
  -12909
    6225
   27889
   37404
   30380
   15063
    4400
    5089
   13625
   22683
   29744
   37122
   44135
   43621
   29486
    6187
  -12624
  -15519
   -2256
   17292
   30434
   28855
   13503
   -4710
  -11604
   -1221
   18856
   35230
   40822
   37132
   26582
    8955
  -11940
  -23988
  -16496
    6410
   28518
   39137
   42155
   44337
   41163
   22855
   -7048
  -28816
  -27071
   -8891
    4956
    4829
    1256
    7638
   20173
   20961
    -145
  -32363
  -54664
  -56360
  -44310
  -31824
  -24626
  -18520
   -7938
    5566
   13344
    8376
   -5262
  -13095
   -3821
   17325
   32139
   28053
   10537
   -4338
   -5880
    5143
   21136
   32161
   29190
   11753
   -6853
  -10334
    1045
    8754
    -491
  -15411
  -12901
   12145
   39011
   45156
   30728
   14846
   12605
   21868
   30748
   31226
   23291
   10517
   -3527
  -15214
  -21480
  -22647
  -22518
  -23165
  -20754
  -10237
    4866
   11517
     464
  -20209
  -29789
  -16251
    9026
   21259
    7329
  -21380
  -41651
  -41159
  -26602
  -12162
   -5311
   -5137
   -9086
  -15534
  -20579
  -17916
   -4747
   14050
   29366
   34679
   29631
   19444
   11475
    9341
    8813
    2586
   -8361
  -11694
    2803
   27941
   43315
   36359
   14846
   -3594
   -9882
   -7557
   -2377
    5063
   15209
   23484
   22650
   10531
   -6877
  -20255
  -24295
  -20650
  -14202
   -6395
    6832
   28266
   50375
   57156
   39541
    8124
  -14587
  -16539
   -7143
   -3487
   -9592
  -14646
   -9886
     360
    6850
    8269
   10026
   13193
   11470
      92
  -17330
  -33290
  -44305
  -51386
  -54804
  -52054
  -41037
  -23054
   -2508
   15069
   25108
   25841
   18389
    4638
  -13501
  -31293
  -39971
  -32739
  -12373
   10747
   28924
   41673
   49154
   47139
   33266
   14048
    -948
  -10186
  -19144
  -29185
  -34920
  -33827
  -30459
  -26978
  -16633
    6443
   34836
   52506
   50828
   34750
   14820
    -169
   -3489
    7330
   24070
   29975
   15963
   -5988
  -11715
    9743
   41350
   51659
   24687
  -23907
  -61023
  -65863
  -44677
  -18532
   -2643
      77
   -7487
  -20099
  -28522
  -24653
  -12612
   -8264
  -22170
  -46748
  -64859
  -67035
  -54539
  -30058
    4155
   37807
   52690
   39355
   10688
   -8001
   -3788
   11887
   16887
    2129
  -19719
  -28852
  -20079
   -7724
   -7879
  -18626
  -22276
   -7060
   18382
   34148
   28623
    5922
  -21678
  -42793
  -50399
  -43586
  -28454
  -13312
    -390
   15131
   35495
   52290
   52087
   30895
     819
  -19491
  -20953
   -9758
    2541
   11665
   20403
   27842
   25765
    9785
  -10412
  -18655
   -9780
    5874
   16086
   19163
   20023
   18935
   10363
   -6879
  -22854
  -23390
   -4343
   22232
   37575
   31870
    9517
  -19128
  -45508
  -60421
  -52205
  -18515
   20155
   30263
   -3413
  -59302
  -97203
  -93749
  -57805
  -15908
   10357
   14719
    4410
   -6221
   -4968
    8086
   18979
   12692
  -10646
  -35045
  -45644
  -43090
  -37550
  -31758
  -17863
    6955
   29343
   31695
   13202
   -7671
  -12334
    1049
   19720
   29241
   22441
    2080
  -19737
  -27930
  -16342
    6185
   24250
   29739
   25311
   16926
    8079
    1135
   -1449
    -336
    -828
   -8099
  -21590
  -35065
  -41130
  -36023
  -23213
  -13319
  -15831
  -26766
  -27814
   -4407
   34886
   62732
   59423
   31365
    1462
  -13969
  -14487
   -6616
    5279
   17723
   25044
   23077
   13727
    1928
  -10667
  -25286
  -39570
  -45535
  -36526
  -15299
    6611
   18275
   18195
   13711
   11918
   12527
   11149
    8141
    9973
   20148
   32134
   34793
   23830
    5801
   -7515
   -6810
    8747
   27758
   31246
    9150
  -25757
  -46625
  -38890
  -14190
    4518
    7152
    2229
    3323
   15760
   34354
   48187
   48059
   34311
   17970
   10521
   12180
   13193
    5826
   -8763
  -24149
  -33132
  -28559
   -7920
   17966
   26976
    5283
  -34698
  -62078
  -56015
  -24235
    7395
   19685
   12089
   -5213
  -23162
  -36009
  -38765
  -30061
  -16925
  -10357
